 0.9892164972580643E+00 -0.2933082099566735E-13
 0.0000000000000000E+00  0.0000000000000000E+00
 0.4266764540303152E-01  0.2331140603087198E-12
-0.4266764540303014E-01 -0.2331140603087196E-12
 0.0000000000000000E+00  0.0000000000000000E+00
-0.1332059308639847E+00 -0.5450370540196246E-13
 0.0000000000000000E+00  0.0000000000000000E+00
-0.3784421152467997E-02 -0.2103560744922366E-13
 0.0000000000000000E+00  0.0000000000000000E+00
-0.4262599739605978E-02  0.1006905137827921E-14
 0.3784421152467803E-02  0.2103560744922375E-13
 0.0000000000000000E+00  0.0000000000000000E+00
 0.4262599739605956E-02 -0.1006905137827825E-14
 0.0000000000000000E+00  0.0000000000000000E+00
-0.9299535362743276E-03  0.3792666068989415E-15
 0.8546001498823567E-02 -0.2363371391937721E-02 -0.3164139354978429E-02 -0.5093199937528150E-15  0.9139751363924012E-14  0.2207327302068740E-13
-0.3734689816480854E-01  0.6944232205011167E-01 -0.1430957150329072E+00 -0.1213810395729323E-14  0.1704893639134807E-13  0.4515708548725363E-13
-0.4768989164639418E-01  0.4273574550351288E-01 -0.9012508583915055E-01 -0.7550671754985417E-15  0.7493213303964383E-14  0.1950708999503316E-13
 0.1061535191204731E+00 -0.3538416077575066E-01  0.9102268024988924E-01  0.1430732230724788E-14 -0.2801689212511683E-13 -0.7071699272438797E-13
 0.1523204925513985E+00  0.2121476170974586E-01 -0.2504237044893092E-01 -0.2105086773472256E-15  0.6214667952460024E-14  0.1291710266104400E-13
 0.1619060252073710E-14 -0.2547510815522448E-15  0.1108076731546856E-15 -0.2941158607355588E-29  0.1247154986587872E-28 -0.3984374249178896E-28
 0.3487971766986776E-15  0.4864752542501663E-15  0.2862652381334241E-15  0.4917728133995191E-29  0.2271461315871201E-28 -0.6167324860298741E-29
 0.1662981834454083E+00  0.1770955620920175E-01 -0.2685562282106532E+00 -0.3874547492887744E-14  0.6049497050700491E-13  0.1407818770789271E-12
 0.5953836219311218E-01  0.4401753189133990E-01 -0.1339982924121645E+00 -0.1684385157163647E-14  0.5710349781219808E-14  0.1342226000459015E-13
-0.5596902037704220E-15 -0.3204185873971940E-15  0.7564220144247381E-16 -0.2783826069251573E-30 -0.4235505117397138E-28 -0.9781326999281605E-28
-0.4327193319998510E-15 -0.1119843379015546E-15  0.6086325118967100E-15 -0.1570712585574875E-30  0.1439686679197990E-28  0.4096821710888605E-29
-0.6689497984963961E-15 -0.4899406636600104E-15 -0.7038086477428137E-15 -0.3788208658502055E-29 -0.8223825565738766E-28 -0.2992937290979282E-27
-0.1038454968202240E-14  0.1427915610580383E-14 -0.1365276909664333E-14 -0.1881569433821333E-28  0.2523790535035757E-27  0.7975724503219795E-27
-0.3360765288394735E-01  0.1407966510145980E+00 -0.4008514010170104E+00 -0.4493728480622317E-14  0.6572476403110230E-13  0.1614158060392681E-12
-0.8505384990365081E-02 -0.3742306080450783E-01  0.1069012453835822E+00  0.4368298053183889E-15  0.2467045716590928E-15  0.4134302748158238E-14
-0.4303486803496183E-15  0.5575725270296213E-16  0.1636458765129284E-15 -0.1358310320607516E-29  0.8307669547155498E-28  0.3111538743291423E-27
-0.3401362532726943E-15 -0.1316209926802591E-15  0.6949463984944942E-15 -0.8022935001469584E-29  0.5627927960308839E-28  0.7088265058373417E-28
 0.1303924976100191E-01  0.1040816335136610E+00 -0.1629320142558528E+00  0.6622896933400378E-15 -0.2253600594134086E-13 -0.4657321133036612E-13
 0.3451616851987287E-15  0.7349823685103330E-15  0.2889601668246616E-14  0.2534905116805920E-28 -0.1124318630043776E-27  0.2329653902875648E-28
-0.1249749053266883E-14 -0.4192220132568322E-15 -0.1459917814833616E-14 -0.4701479412924868E-31 -0.3234233575555664E-27 -0.8303904327759069E-27
 0.2154891420154142E-01  0.1259875568307814E-01 -0.6713117396343879E-01 -0.1232420435010579E-14  0.2724286377801934E-13  0.8327215950468562E-13
-0.5216545136434194E-01  0.2428837371297488E+00 -0.2189432843359578E+00  0.3485896846052287E-15 -0.1266747926706354E-13 -0.4959378047908468E-13
-0.9524846044421719E+00  0.7612125421318217E-01  0.7691738246058165E-01  0.2192106219530690E-14 -0.2364521243032172E-13 -0.2067826672529354E-13
 0.5765080740469154E-14  0.1166402428040180E-15 -0.2055146093380593E-16 -0.6006855685913265E-29  0.1710115774086415E-27  0.3345922584200890E-27
-0.7802227158616165E-13  0.3935214933736609E-14  0.8348045347275483E-14  0.1758560985754340E-27 -0.2180442550409841E-26 -0.3458479391278511E-26
-0.6578140455879530E-16  0.2576488884063861E-15 -0.4857211724532752E-15  0.6347357914141868E-29 -0.1774190626603432E-27 -0.3288463743831404E-27
-0.1092514315143916E-13 -0.5777607396322048E-15  0.5591174964588516E-15  0.1736318225469309E-28 -0.4542636838939990E-27 -0.6797944231155738E-27
 0.7916537023213115E-01 -0.1648859679638647E+00  0.6158797285779928E+00  0.3791372355132019E-14 -0.2025185882745772E-13 -0.2976712106790969E-13
 0.1242659460172391E-14 -0.1291197214821416E-14 -0.8789861303190649E-15 -0.5373186958165183E-28  0.3595544683722397E-27  0.7466924553512866E-27
-0.2206799814120828E-16  0.3339122412615536E-15  0.5357023312023710E-15  0.2573365477584517E-28 -0.5826628441035910E-27 -0.1200719459754188E-26
-0.2839549932388771E-01  0.4129715583444461E-02 -0.3997049079818040E+00  0.1616026449984414E-14 -0.1051527848266361E-12 -0.2808234576683444E-12
 0.1083052858493793E+00  0.9301533574702905E+00  0.2762487610446026E+00  0.8920580852630959E-14 -0.7729125652991683E-14 -0.3136146705714427E-14
-0.4287842572993273E-04  0.2151460628141423E-19
 0.6682041715654581E-04 -0.2474768867203211E-18
-0.1074931173553933E-03  0.2670736884567228E-19
 0.1804057407330235E-03 -0.1412449334232106E-18
-0.3168968639069489E-03 -0.5157818749521169E-19
 0.5646459733193723E-03 -0.1019977893447280E-18
-0.1630415959043317E-02  0.1050840281943492E-17
-0.7154606099916924E-01 -0.2991872637525592E-18
-0.9368033876641944E+00  0.1807174064263503E-17
-0.2013703301047062E+01  0.2302227318786704E-17
-0.5957215394759841E+00 -0.2078990214396284E-17
-0.2147125893237997E-01  0.3620790719394816E-18
-0.2234617358685111E-02  0.7857058623382568E-18
 0.9340693549477028E-03  0.3497296693011536E-18
-0.4693759570201574E-03 -0.1634104795813153E-18
 0.2617198119639001E-03  0.1948879139533033E-18
-0.1592646808157192E-03 -0.1925369419849871E-18
 0.1041096892025582E-03 -0.2572040136561516E-18
-0.7220772569573198E-04 -0.2148473212318788E-18
 0.5264352094632964E-04 -0.2242699562329798E-19
-0.4006068199672489E-04  0.1975926648254290E-18
 0.3165071177016060E-04 -0.2721966458612444E-19
-0.2585647846798285E-04  0.9041826656819549E-19
 0.2177342430687047E-04  0.2436673537086543E-19
-0.1880034581461534E-04  0.3613257167659896E-19
 0.1656558187598468E-04 -0.8189239151459252E-19
-0.1487432083164448E-04 -0.2143807637883367E-19
 0.1359510572587942E-04  0.7813637876495773E-19
-0.1263826436732445E-04  0.1031882236214295E-19
 0.1194260904294329E-04  0.3421518855567014E-19
-0.1146719890783146E-04 -0.4217903889461377E-19
 0.1118627849084844E-04 -0.1480391580523945E-20
-0.1108631730918261E-04 -0.6270689681633974E-20
 0.1116454132623695E-04  0.2285544875292217E-19
-0.1142858566576280E-04 -0.3498932499593121E-19
 0.1189681574291791E-04  0.5634037192058418E-19
-0.1259723786887503E-04  0.3243738464359956E-19
 0.1354097484113466E-04  0.6173521983879357E-19
